%YAML:1.0
---
model_type: PINHOLE
camera_name: camera
image_width: 640
image_height: 480
distortion_parameters:
   # k1: 0.3699101347099208
   # k2: 0.07095565388303392
   # p1: 0.23068628996718502
   # p2: -0.014547374325252306
   k1: 0.0
   k2: 0.0
   p1: 0.0
   p2: -0.0
projection_parameters:
   fx: 383.326
   fy: 380.611
   cx: 322.834
   cy: 244.346